<svg width="1672" height="941" viewBox="0 0 1672 941" fill="none" xmlns="http://www.w3.org/2000/svg">
<path d="M1388.07 151.403L1388.76 151.534C1389.09 153.488 1371.2 203.769 1368.98 210.114C1347.07 212.424 1326.55 216.17 1304.85 219.855L1210.91 235.659L1200.14 270.079C1235.99 264.433 1273.41 256.979 1309.24 250.43L1470.48 221.131C1503.4 215.034 1539.51 207.803 1572.51 202.716C1553.03 221.924 1547.25 247.268 1551.08 274.083C1554.18 295.787 1563.94 311.841 1581.63 324.829C1536.15 327.115 1483.35 326.64 1437.28 327.39L1178.48 332.996C1168.41 367.775 1157.07 403.127 1146.55 437.902C1124.78 442.055 1100.16 445.257 1078.01 448.818L975.777 465.983C959.188 439.561 939.153 400.749 923.47 372.514C921.747 378.589 919.298 385.508 917.306 391.578C914.293 403.384 908.056 420.751 904.178 432.712C899.647 446.729 894.373 465.187 889.164 478.637C860.092 483.548 830.979 488.183 801.819 492.541C807.567 472.42 817.492 445.457 824.383 425.055L863.652 308.497C870.412 288.679 877.457 268.456 884.103 248.589C885.907 243.209 886.258 233.156 887.85 226.65C892.618 223.686 914.457 220.827 920.906 219.732L973.083 210.915C994.693 207.186 1016.35 203.719 1038.05 200.516C1054.98 198.115 1084.92 192.61 1099.07 202.49C1121.38 220.302 1096.87 261.85 1091.47 282.518C1078.8 330.97 1048.91 336.328 1004.85 345.007C1021.94 373.441 1043.15 404.495 1061.27 432.93C1065.61 421.025 1069.46 408.214 1073.35 396.116C1092.56 336.46 1113.52 277.415 1133.75 218.104C1139.29 201.851 1135.83 201.122 1122.76 191.238C1132.09 188.831 1147.72 186.8 1157.48 185.274L1218.26 175.796C1252.27 170.474 1286.31 165.356 1320.38 160.443C1342.39 157.231 1366.03 153.47 1388.07 151.403ZM1512.88 284.002C1508.85 274.234 1508.32 265.915 1511.49 255.698C1512.2 253.442 1513.95 249.86 1512.84 248.495C1430.13 260.345 1348.35 276.307 1266.08 290.803C1253.48 293.025 1240.76 295.512 1228.09 297.316L1228.04 297.748L1230.94 298.03C1297.8 295.224 1364.65 292.023 1431.47 288.429C1458.04 286.995 1486.49 286.056 1512.88 284.002ZM956.061 271.206C950.811 287.836 944.076 310.998 938.075 326.887L949.366 324.602C965.874 321.937 986.586 319.78 1002.06 314.509C1009.63 311.93 1025.61 269.455 1018.76 262.46C1015.54 261.315 1012.92 261.86 1009.51 262.201C991.73 265.422 973.916 268.423 956.061 271.206Z" fill="#FEFEFE"/>
<path d="M936.54 819.298C923.698 823.901 894.977 830.749 881.066 834.283C823.019 848.712 764.184 859.77 704.861 867.409C565.006 884.499 357.886 885.479 223.6 843.048C194.277 833.891 166.113 821.363 139.669 805.735C79.8805 770.141 27.4937 714.465 9.78995 645.706C-4.79646 589.055 15.8305 532.759 44.9913 484.417C76.7806 431.718 121.909 382.93 167.464 341.736C341.179 184.648 572.792 78.6831 798.552 22.2683L800.447 23.9303C800.273 23.9591 800.1 23.9879 799.926 24.0168C776.498 30.3819 752.702 39.5001 729.913 47.3925C661.275 71.163 596.692 99.799 533.096 134.818C499.606 153.26 467.059 172.507 434.024 191.793C423.646 197.852 408.05 203.883 396.526 209.73C358.486 229.029 313.176 251.447 287.817 286.753C277.643 300.918 274.037 317.864 273.477 334.862C273.282 340.751 274.272 347.866 271.784 353.047C264.225 368.795 255.385 384.6 247.345 400.122C233.868 426.65 220.856 453.413 208.317 480.397C194.124 511.164 180.159 541.263 172.965 574.563C162.607 622.516 189.72 649.275 226.352 674.185C235.27 717.251 257.286 747.741 291.968 774.625C380.596 843.325 517.072 852.066 624.845 852.066C684.588 852.262 744.287 848.81 803.608 841.718C833.91 837.702 864.117 832.936 894.185 827.435C906.97 825.109 924.368 820.808 936.54 819.298Z" fill="#FEFEFE"/>
<path d="M660.583 252.517C662.332 252.177 662.285 252.26 663.877 252.856C664.574 254.458 664.713 255.757 664.144 257.472C654.533 286.405 644.616 315.215 634.448 343.968L565.288 534.286C559.228 535.979 551.442 537.352 545.136 538.581C516.865 544.093 488.45 550.825 460.082 555.657C440.264 513.852 420.594 469.047 402.009 426.577C382.282 471.918 362.999 517.45 344.163 563.167C351.454 567.499 360.909 571.908 368.863 576.502C333.714 588.456 295.781 596.141 260.474 608.349C248.043 612.647 232.833 617.943 220.24 620.973L230.399 597.694C272.272 508.081 310.697 415.457 352.923 325.634C341.515 318.908 330.286 311.882 319.247 304.565C336.096 300.048 356.932 296.55 374.304 293.257C401.893 287.85 429.568 282.889 457.317 278.378C462.703 288.712 471.737 312.747 476.468 324.179L515.356 417.596C525.591 391.716 535.582 365.741 545.328 339.674C551.054 324.652 559.922 303.354 564.326 288.381C558.393 282.959 552.414 277.588 546.388 272.271C559.733 269.226 577.153 266.669 590.837 264.29C614.056 260.19 637.305 256.265 660.583 252.517Z" fill="#FEFEFE"/>
<path d="M1611.32 338.222C1614.14 337.859 1614.21 337.413 1616.66 338.434C1617.75 341.812 1611.15 360.437 1609.6 364.489C1561.47 490.272 1392.78 585.181 1276.21 637.228C1204.48 669.391 1130.27 695.678 1054.28 715.833C993.909 732.038 923.396 745.272 861.472 755.434C766.583 771.003 661.64 783.097 565.355 782.582C504.671 780.921 440.459 773.771 382.939 753.911C338.084 738.423 288.708 703.187 309.789 649.404C318.095 632.2 328.519 620.289 344.194 609.349C340.325 617.26 336.133 626.958 334.213 635.524C320.075 698.586 413.188 722.385 457.664 732.104C490.473 739.059 523.766 743.503 557.252 745.394C777.136 757.721 1164.37 686.381 1349.75 567.234C1420.29 521.898 1511.62 427.441 1529.54 344.461L1611.32 338.222Z" fill="#FEFEFE"/>
<path d="M460.964 238.844C537.719 196.476 617.841 160.51 700.515 131.316C799.165 96.084 900.774 69.7695 1004.13 52.687C1086.68 38.3237 1185.09 27.4189 1269.26 31.3981C1314.57 33.128 1359.53 40.148 1403.21 52.315C1468.39 70.9307 1535.94 106.624 1563.85 171.894C1566.57 178.268 1568.71 184.063 1570.24 190.854C1534.66 197.689 1496.74 202.516 1461.65 209.699C1444.3 137.565 1355.5 110.625 1291.2 96.6716C1130.09 61.7027 962.543 80.9179 803.848 119.243C729.133 137.69 655.693 160.959 583.991 188.905C547.38 202.764 497.484 222.572 462.256 240.139L460.964 238.844Z" fill="#FEFEFE"/>
<path d="M858.704 229.026C861.203 228.652 865.121 227.557 866.762 229.671C866.093 232.682 865.121 235.55 863.97 238.408C857.757 253.83 852.189 269.506 845.691 284.814C841.445 285.858 836.792 286.695 832.449 287.398C803.633 292.066 774.811 298.933 745.993 303.272C740.805 318.212 735.732 333.192 730.774 348.21C759.143 342.732 792.629 335.902 820.946 332.091C818.586 340.197 804.9 380.833 801.544 386.704C795.025 388.782 776.969 391.806 769.728 393.221C750.876 396.908 732.055 400.76 713.271 404.775L696.978 455.917C726.562 449.498 775.607 438.369 805.045 435.761C803.314 445.669 790.876 478.669 787.028 490.297L785.359 494.145C782.052 496.992 608.998 528.285 588.55 531.446L685.223 256.405C699.743 252.755 727.187 249.175 742.492 246.741C781.182 240.522 819.925 234.617 858.704 229.026Z" fill="#FEFEFE"/>
<path d="M880.951 507.119C905.378 505.063 900.219 528.532 896.055 543.787C888.634 570.971 887.793 586.653 857.08 593.418C864.999 607.318 874.33 621.472 882.511 635.571C867.023 638.858 848.205 640.659 832.212 643.388C827.787 635 816.521 607.687 810.2 603.561C801.445 602.52 795.027 640.511 792.993 648.566C765.41 654.268 735.114 657.1 707.221 662.069C706.183 657.014 705.552 645.783 702.402 642.448C695.431 640.962 662.125 647.156 653.023 648.611C648.904 654.604 643.589 664.069 639.688 670.514C625.118 673.421 607.08 675.549 592.146 677.638C593.43 675.224 594.735 672.82 596.058 670.426C622.014 627.706 648.915 583.503 675.497 541.255C688.436 537.82 717.324 533.769 731.456 531.379C736.065 571.075 744.412 610.455 749.369 649.145C753.051 636.8 756.229 621.444 759.396 608.619C766.378 580.583 773.201 552.509 779.867 524.397C784.037 523.518 788.603 522.737 792.818 522.098C822.129 517.659 851.618 511.17 880.951 507.119ZM819.125 573.152C826.26 571.953 836.343 570.728 843.013 568.173C849.03 565.869 855.692 548.865 852.091 543.162C850.197 542.217 849.299 542.639 847.079 543.017C839.11 544.107 828.416 545.083 820.962 547.534C815.597 549.298 811.292 566.532 812.963 572.094C815.051 574.062 816.256 573.595 819.125 573.152ZM675.806 615.101C683.042 613.958 692.167 612.773 699.196 611.293C698.508 606.151 695.651 580.071 693.429 577.497C687.1 587.321 676.123 604.753 671.129 614.938C672.895 615.858 673.532 615.379 675.806 615.101Z" fill="#FEFEFE"/>
<path d="M653.247 544.722L653.861 544.973C654.294 546.918 582.098 666.174 574.037 679.791C560.458 682.145 546.21 684.058 532.535 686.081C530.022 671.602 527.244 643.939 526.14 629.171C513.352 647.658 498.917 672.198 486.992 691.503C473.044 693.798 459.076 695.973 445.09 698.028C442.873 685.805 441.037 651.109 439.925 637.199C438.676 618.276 436.567 598.818 435.819 579.934C448.525 578.797 469.371 574.722 482.551 572.576C483.739 591.458 484.457 610.941 485.439 629.909C496.244 611.843 513.871 582.694 525.913 566.051C537.355 563.737 550.659 561.842 562.297 559.911C563.602 579.623 566.506 599.185 567.916 618.934C577.759 600.083 594.208 570.712 605.271 552.89C615.103 550.364 642.713 546.19 653.247 544.722Z" fill="#FEFEFE"/>
<path d="M1209.65 463.095C1214.62 462.442 1220.4 463.267 1224.58 466.162C1228.46 468.852 1230.93 473.204 1231.63 477.848C1233.34 489.145 1209.63 565.703 1202.19 575.67C1197.14 582.445 1190.1 587.376 1182.35 590.575C1168.82 596.163 1153.25 597.239 1138.85 599.296L1090.1 606.147C1084.61 606.633 1077.73 605.647 1073.28 602.191C1069.88 599.549 1068.17 595.38 1067.73 591.191C1066.72 581.723 1084.25 518.528 1088.57 507.192C1090.53 502.039 1093.07 497.205 1096.55 492.909C1102.16 485.968 1109.67 481.016 1117.98 477.864C1131.39 472.777 1146.71 472.095 1160.82 470.027C1177.06 467.648 1193.33 464.818 1209.65 463.095ZM1131.73 566.223C1137.64 565.487 1156.18 564.136 1159.48 559.363C1164.02 552.834 1177.87 508.622 1174.18 503.661C1171.46 502.371 1170.09 502.73 1167.16 503.014C1160.59 503.797 1141.15 505.23 1138.05 509.701C1132.66 517.469 1122.45 556.13 1122.93 563.889C1125.19 567.496 1127.72 566.551 1131.73 566.223Z" fill="#FEFEFE"/>
<path d="M1076.56 481.008C1077.7 480.779 1078.9 480.851 1080.08 480.843C1081.94 484.519 1073.13 507.228 1069.51 511.623C1057.6 526.058 989.55 517.077 988.39 537.073C995.289 553.446 1075.66 509.973 1062.96 557.639C1057.89 577.274 1051.56 606.223 1028.76 612.779C997.012 621.914 956.616 627.21 923.649 631.314L923.094 631.366L922.229 630.459C922.678 627.116 929.634 599.632 931.871 598.088C946.166 588.211 1011.16 593.729 1015.31 574.661C1011.35 561.217 940.925 594.46 938.394 567.078C937.7 559.534 942.051 548.201 943.627 540.586C952.779 496.234 979.63 496.077 1017.87 490.145L1076.56 481.008Z" fill="#FEFEFE"/>
<path d="M1381.96 440.208C1383.01 439.997 1388.9 439.693 1390.32 439.593C1388.77 449.003 1382.94 465.006 1375.34 470.871C1362.04 481.155 1304.66 479.17 1294.67 490.754C1291.95 493.918 1278.65 536.883 1279.15 540.841C1279.4 542.78 1279.89 542.955 1281.33 544.095C1287.52 545.267 1347.03 532.728 1358.04 530.746C1347.43 561.32 1340.09 562.556 1310.95 570.933C1294.86 575.161 1278.58 578.631 1262.16 581.332C1191.44 593.4 1232.98 542.843 1239.98 502.301C1248.2 454.731 1281.99 453.705 1322.16 448.241L1381.96 440.208Z" fill="#FEFEFE"/>
<path d="M1601.5 197.706C1652.71 192.75 1670.44 311.061 1611.34 323.727C1557.31 330.181 1541.75 206.725 1601.5 197.706ZM1619.64 303.829C1649.85 287.545 1639.76 214.958 1608.48 216.299C1578.28 230.264 1586.83 305.184 1619.64 303.829Z" fill="#FEFEFE"/>
<path d="M798.552 22.2683C804.39 20.847 810.86 19.0213 816.798 18.5744C813.644 20.3059 804.358 22.7572 800.447 23.9303L798.552 22.2683Z" fill="#CAC9CE"/>
<path d="M462.257 240.139C459.004 241.916 451.715 246.549 448.879 246.084L449.079 246.888L448.229 246.562L448.021 247.176L448.085 246.558L448.744 246.889L448.58 246.144L449.566 246.549L449.642 245.364C452.385 243.396 457.837 240.579 460.964 238.844L462.257 240.139Z" fill="#CAC9CE"/>
</svg>
